52544
52550
52551
52555
52552
52558
52559
52556
52557
52562
52567
52566
52565
52568
52575
52572
52578
52580
52582
52585
52588
52589
52590
52592
52599
52600
52502
52501
52500
52499
52511
52510
52505
52512
52515
52524
52525
52526
52527
52520
52521
52522
52523
52533
52532
52535
52534
52529
52528
52530
52542
52680
52678
52677
52676
52700
52688
52711
52710
52730
52733
52720
52722
52727
52622
52620
52619
52612
52610
52633
52625
52652
52655
52650
52645
52644
52640
52668
52666
52667
52660
52662
52663
52656
52657
52658
52659
52310
52288
52289
52292
52295
52297
52298
52299
52300
52339
52338
52337
52336
52343
52342
52341
52340
52345
52348
52322
52323
52321
52326
52324
52325
52330
52328
52329
52334
52335
52332
52333
52245
52244
52247
52246
52241
52240
52242
52253
52252
52255
52249
52248
52251
52250
52228
52230
52231
52224
52226
52227
52236
52237
52238
52239
52232
52234
52235
52279
52277
52276
52274
52273
52272
52287
52286
52284
52283
52282
52281
52280
52262
52260
52258
52256
52257
52270
52271
52268
52267
52265
52440
52441
52443
52444
52445
52446
52447
52433
52425
52424
52430
52417
52421
52420
52423
52422
52477
52466
52465
52459
52450
52448
52455
52454
52452
52382
52383
52377
52372
52373
52366
52360
52357
52358
52353
52352
52355
52354
52412
52410
52411
52392
52390
52388
52385
53088
53111
53110
53105
53117
53116
53119
53118
53113
53112
53115
53114
53060
53077
53080
53030
53032
53034
53035
53043
53045
53050
53055
53054
52995
52993
52999
52996
53002
53003
53000
53001
53006
53007
53004
53005
53011
53010
53009
53008
53022
53020
53231
53224
53227
53221
53220
53223
53216
53219
53218
53244
53245
53243
53236
53237
53238
53239
53232
53233
53234
53188
53215
53212
53210
53211
53200
53155
53154
53177
53180
53170
53131
53130
53135
53133
53123
53122
53120
53144
53145
53143
52855
52852
52850
52860
52858
52832
52833
52820
52822
52830
52825
52800
52811
52785
52790
52789
52788
52799
52771
52774
52775
52772
52773
52778
52779
52776
52777
52782
52752
52755
52757
52760
52762
52765
52767
52766
52750
52990
52988
52987
52985
52982
52980
52977
52966
52965
52959
52952
52954
52955
52950
52945
52932
52929
52922
52920
52921
52925
52912
52911
52910
52899
52898
52900
52892
52880
52881
52882
52883
52884
52885
52886
52887
52877
52876
52878
52865
52866
52869
51466
51465
51458
51457
51480
51477
51500
51501
51499
51488
51517
51516
51518
51513
51515
51510
51530
51531
51534
51535
51533
51522
51520
51521
51545
51544
51551
51550
51541
51561
51565
51567
51552
51553
51554
51555
51557
51558
51559
51577
51581
51580
51568
51571
51570
51591
51590
51589
51588
51587
51585
51599
51607
51600
51610
51611
51622
51616
51627
51637
51633
51645
51640
51651
51655
51654
51658
51661
51660
51666
51667
51664
51665
51668
51669
51678
51676
51677
51680
51688
51697
51699
51700
51709
51710
51711
51229
51228
51231
51230
51225
51224
51227
51220
51223
51217
51216
51212
51214
51215
51210
51211
51200
51201
59999
59997
59996
51260
59995
51259
59993
51256
59992
59991
51255
51254
59990
59989
51253
59988
51252
51251
59987
59986
59985
59984
59982
59983
51244
59980
59981
59978
59979
59976
59977
59974
51238
51239
59975
51236
51237
59973
59970
51234
59971
51232
59968
51233
59969
59961
59960
51288
51291
59963
51290
59965
59964
59967
59966
59953
59952
59954
51285
59957
59956
59959
51272
59944
59945
59947
59948
59949
51277
59950
59951
59936
59937
51266
59938
59939
59940
59941
59942
51271
59943
59931
59930
51322
59929
51321
51320
59928
59935
59934
59933
59923
51315
59922
51313
59921
59920
51312
59927
59925
59924
59914
59912
51310
59918
59919
51311
59916
51308
59917
59906
51299
59904
59905
59910
59911
59908
51300
51301
59909
51350
51351
51345
51356
51353
51354
51355
51333
51332
51335
51334
51331
51340
51337
51336
51339
51377
51388
51366
51410
51411
51415
51421
51422
51392
51397
51399
51400
51442
51443
51440
51447
51444
51445
51450
51451
51448
51454
51455
51430
51433
51432
59722
52010
52011
52012
52000
52001
52002
52004
52005
52007
52025
52030
52021
59733
52020
52022
59754
59755
51977
59759
59756
51981
59757
51995
51994
59770
51993
51992
59775
51999
51998
59774
51997
59772
51987
59767
51991
51990
59766
51989
59765
51988
59660
52077
59661
59656
59658
59654
59655
52065
52066
59677
59678
52088
52090
59669
59668
59665
52080
59664
59690
59688
59683
52032
52033
59711
59710
52060
52055
52054
52052
59699
52050
59696
59840
52128
52130
59842
59844
52132
59853
59852
52140
59855
59854
52144
59856
59857
59858
59859
59860
52150
52151
52152
52154
52155
59869
52158
59870
59875
59878
52102
52101
59877
59876
52100
52107
59883
59882
59881
52105
59880
52111
59887
52110
59885
59884
52108
52114
52115
52112
59888
52113
59889
52118
59894
59895
52116
59892
52117
59893
59898
52122
52123
59899
52120
59896
52121
59897
52126
59902
59903
52124
59900
52125
52199
59777
52192
52195
59779
59778
52205
52204
59788
52207
52206
52201
52200
59787
52202
52212
52213
59797
52214
59799
52208
52211
59795
52220
52221
59805
52222
52223
52217
59815
52166
52165
59811
59810
52161
59809
52175
59822
52172
52171
59819
52170
52182
52181
59829
59825
52177
52191
59839
52188
59835
59833
52185
51771
51775
51774
51773
51772
51761
51760
51767
51765
59477
59466
51755
59465
59470
51757
59459
59456
59457
51750
51751
59512
59515
59519
59505
51733
59509
59511
59510
51721
51722
59499
59501
59488
59489
51717
59494
59495
59422
59420
51833
51830
59411
59410
51824
51822
51820
51821
51818
59400
59398
59399
51815
51810
59395
51811
59393
51804
59452
59455
59454
59449
51801
59448
51800
59451
59450
59445
59444
51799
59446
59441
59440
59443
59442
51788
51789
59432
59433
59434
51781
51776
51777
51778
51779
51891
59600
51888
59607
51895
51898
59610
51899
59611
51900
59585
59591
51878
59590
59589
51877
51876
59588
59595
59594
51882
59593
51881
59592
51880
51887
59599
59598
51886
51885
59597
59596
59633
51858
51860
51865
51866
59644
59617
59622
51851
51850
51855
51959
59540
51954
59539
51955
59550
51966
59551
59549
59544
59545
59525
59523
59522
59521
59520
59535
51951
51950
59533
59532
59530
51945
59529
59575
59569
51922
59570
59580
59578
59579
59557
59556
59559
51911
51910
59553
59552
59555
59554
59565
51919
59567
59566
59560
51915
50650
59322
59320
50655
50640
50633
50632
59311
50639
59310
59298
50630
59300
50680
59288
59292
50686
50687
50673
50674
50676
50679
50665
50664
50667
50666
59277
50669
50668
50657
50656
59266
50661
50660
50663
50662
59390
50591
50588
59388
59389
50586
50587
50584
50582
50583
50580
50581
50578
50579
59377
50577
50575
50574
50573
50572
50570
59366
50566
50565
50560
50620
50622
59359
50616
59353
59354
50612
59349
59350
59344
59345
50610
59340
50604
59343
50607
50606
50601
59336
50600
50603
59338
50602
59333
50597
59332
50596
50599
59334
50593
50592
50595
59330
50594
50515
50512
59188
59195
50522
59199
50527
50526
59198
50525
50524
50499
50502
50503
50500
50501
50506
50507
59177
50505
50510
50511
50508
59180
50509
50545
50544
59155
50547
59154
50546
50549
59156
50548
50551
59159
50550
50553
50552
59160
50554
59165
50557
50556
50559
50558
59166
50528
50529
59140
50533
50535
59144
59145
50540
50541
50542
59151
59255
59254
50454
50450
59250
50449
50448
50460
59260
59259
50457
50456
59239
59234
59235
50432
59233
50433
50446
50447
50444
59244
50445
50442
50443
59240
50440
50441
59221
59220
50484
50487
59223
59222
50480
59229
50493
59230
59225
50488
59227
50490
59226
50470
50464
59200
50465
50466
50467
50477
59213
50478
59210
50474
59211
50475
50377
59050
50380
59055
59054
59040
50373
59045
59044
50375
50393
59066
59070
50399
50385
50390
50391
50411
59019
50415
59022
50414
59020
50403
59011
59010
59009
59008
50400
50407
50406
50405
50404
50426
50424
50425
59033
50429
50419
50422
50423
50421
59116
59119
59112
59115
59114
59111
59110
50310
50305
50304
50333
59133
50335
59129
50330
59125
50320
59120
50321
59121
50322
59122
50323
50350
59080
50344
50343
59077
50340
50339
50338
50337
50336
50367
59101
59098
59099
50360
50356
50357
50354
59090
50355
59088
50240
50242
58915
50243
50245
58919
50248
58920
58922
50250
50251
50252
58925
50254
50255
50257
58929
50259
58930
50258
58933
50260
50262
50267
58938
50266
50270
58882
50275
58883
58880
50272
58881
58887
58884
50276
58885
50277
58890
50282
58888
50280
58889
58894
58895
50287
58892
50284
50285
58899
58898
50290
58897
58896
50288
58900
50292
50299
58911
50303
58910
50302
50300
58980
50181
58983
58977
50177
58978
50188
58988
58989
58991
58997
50197
58996
50199
58999
58998
58995
58994
50205
59005
59004
59007
50206
59001
50201
50200
59000
59003
50210
50211
58944
50222
58958
58959
50223
50220
50221
50219
50231
58966
50229
50227
50226
50225
58960
50224
50239
50238
50237
50234
50233
50232
58780
51197
51198
58782
58783
51199
51192
51193
58777
58778
51194
58779
51195
58772
51188
58774
51190
51191
58775
51184
58768
51185
58770
51186
58771
51187
51181
58765
51180
51183
58766
51182
58761
51177
58760
51176
51179
58762
51173
58757
58756
58759
51175
58758
51174
51168
51171
51170
58754
58814
51166
58815
51167
58812
51165
58813
58810
51162
51163
58808
51160
51161
51158
58806
58807
51159
51156
58804
58802
51154
51155
58800
51152
58801
51153
58799
51151
58798
51150
58797
51149
51148
51147
51145
51144
51143
51142
58789
51140
58788
51139
58786
51138
51137
58785
51136
58840
58843
51132
51133
58845
58846
51134
51135
58847
58832
51120
51121
58833
58834
51123
58835
51124
58836
51125
58837
58838
51126
51127
58839
51113
58825
51112
58824
58827
51114
51117
58829
51116
58828
51119
58831
58830
58817
51105
58816
51104
58819
58818
51106
58821
51108
58820
51111
51110
58874
58875
51099
58872
51102
58878
51103
58876
51100
58877
51101
58866
51090
58867
58864
51088
58865
58871
58869
58859
58858
51081
58857
58856
51080
58863
58860
58851
58850
58849
58848
58855
58854
51077
58852
51061
51060
58647
51057
51059
51058
58653
51071
58655
51070
58654
51065
58651
58650
51066
51044
58630
51054
51055
58633
51050
51051
51030
58677
58676
58687
58685
58680
58662
51014
51015
58663
51012
58660
58658
51011
58659
58656
58657
51009
51022
58668
51020
58669
51021
58666
51018
58667
51019
58664
51016
58665
58705
50993
50992
50995
58707
50994
50997
50996
50998
58710
51001
51000
58715
51003
51002
58717
51005
51004
51006
58688
50977
58689
58690
50985
58699
50987
50988
58700
50990
50991
50960
50967
50966
50965
58740
50971
50969
58751
58750
58748
58722
50950
58725
50954
50955
50952
50953
50958
58735
50959
58733
50957
50927
58511
58510
50925
58508
50923
50922
50921
58505
50919
58500
58499
58498
58497
50940
58525
50938
58522
50939
58521
50937
50934
58518
50935
50932
50933
50930
58515
50893
50892
50894
50889
50888
50891
58538
58533
50885
50884
58532
58535
50887
50886
50881
58528
50880
50883
50882
58530
58556
50909
58557
50910
58558
58559
50911
58552
58553
50905
58554
58555
50900
58548
58550
50902
58551
50896
58544
50897
58545
50899
50859
50858
50857
58575
50860
58563
50850
50849
50855
50853
58565
50852
50874
58587
50872
50878
58590
58588
50876
50877
58578
50866
50867
50864
58576
50870
58582
50871
58583
58580
50868
58581
50825
58600
50828
50830
58595
50818
50821
50820
58599
50823
50822
50840
58617
50843
58622
50832
50833
50834
50835
58611
50838
50790
50788
50789
50786
50784
58383
50799
58380
58378
58377
50807
58390
58389
50804
58388
50802
58385
50801
50800
58399
58398
50812
50811
50810
50809
50808
50757
50758
50759
50752
58400
50755
50765
50767
50761
50762
50763
58411
50773
50775
50774
58422
50769
50770
58430
50776
50779
50778
50722
50720
58432
58433
58442
50730
58443
58440
58441
58446
50734
58447
50735
50732
58444
50733
58451
58450
58449
50737
58448
50743
58455
58454
58453
50740
50747
58459
58458
58457
58456
50751
50750
50688
50689
58466
58470
50695
50696
50698
50699
50700
58477
50702
58478
50705
58480
50707
58485
58484
50711
50710
58488
58490
58358
58366
58365
58360
58338
58337
58336
58350
58345
58344
58321
58322
58332
58335
58330
58311
58290
58288
58289
58298
58300
58278
58277
58282
58285
58256
58258
58265
58266
58250
58252
58255
58234
58233
58230
58228
58227
58226
58225
58224
58222
58223
58220
58221
58210
58211
58200
58199
58188
58189
58185
58181
58177
58178
58166
58165
58158
58156
58133
58120
58122
58112
58113
58114
58115
58116
58117
58118
58119
58085
58080
58089
58088
58100
58099
58110
58111
58055
58050
58060
58058
58056
58070
58066
58065
58033
58040
57990
57989
57988
57995
57994
57993
57992
57999
57998
57997
57996
58002
58003
58000
58001
58006
58007
58004
58005
58011
58008
58012
57965
57966
57967
57956
57957
57959
57955
57980
57977
57979
57975
57922
57944
57940
57896
57897
57898
57899
57900
57888
57889
57890
57891
57892
57894
57895
57911
57866
57867
57871
57868
57858
57857
57883
57882
57881
57887
57886
57885
57875
57873
57872
57879
57878
57877
57876
57808
57810
57811
50101
50104
57817
50105
57818
57822
50110
50111
57793
57792
57795
57794
57797
57799
57798
57800
57805
57807
57844
57855
57827
57830
57828
57833
57838
57837
50164
57748
50165
57749
57750
50166
50167
57751
57744
57745
57746
50163
50172
57756
57757
57758
57752
50168
57753
57754
57755
57733
50149
57732
50148
57735
50151
57734
50150
57729
57728
50144
57731
50147
57730
57740
57743
50158
57742
57737
57736
57739
50155
50154
57782
50134
57783
50132
57780
50133
57781
57778
50130
57779
57776
50128
57777
50129
57790
50142
57791
50143
50140
57788
57789
57786
50138
57787
50136
50137
57785
50119
57767
57766
50118
50117
57765
57764
50116
57763
50115
50114
50113
57760
50112
57775
50127
57774
57773
50125
50124
57772
50123
57771
57770
50122
57769
57768
50120
57680
57687
57672
57673
57676
57677
57678
57664
57665
57666
57667
57669
57670
57671
57722
57720
57727
57726
57725
57715
57714
57713
57712
57719
57718
57716
57706
57707
57704
57711
57708
57709
57699
57702
57703
57700
57701
57626
57622
57616
57615
57610
57605
57606
57607
57600
57663
57662
57661
57660
57659
57658
57657
57656
57655
57654
57653
57652
57651
57650
57644
57645
57640
57633
57537
57543
57540
57547
57545
57544
57550
57554
57555
57552
57553
57558
57556
57557
57566
57567
57564
57568
57571
57573
57572
57575
57577
57576
57579
57578
57580
57585
57587
57589
57595
57597
57598
57478
57477
57475
57474
57490
57488
57500
57501
57499
57511
57510
57505
57507
57517
57512
57515
57525
57527
57520
57521
57522
57523
57533
57530
57422
57411
57433
57432
57437
57430
57448
57449
57450
57454
57455
57440
57441
57442
57445
57446
57447
57465
57467
57466
57470
57457
57456
57461
57356
57357
57354
57355
57353
57345
57373
57370
57367
57366
57365
57377
57399
56434
56432
56433
56436
56442
56443
56440
56446
56447
56445
56416
56422
56420
56425
56400
56410
56411
56415
56388
56390
56399
56380
56377
56359
56356
56355
56353
56352
56367
56366
56365
56364
56363
56360
56340
56338
56350
56351
56344
56345
56346
56326
56321
56320
56322
56333
56332
56335
56331
56330
56570
56568
56575
56574
56573
56563
56562
56561
56560
56567
56566
56565
56564
56554
56555
56558
56559
56556
56557
56546
56547
56550
56551
56549
56536
56539
56538
56541
56543
56542
56529
56528
56533
56535
56521
56522
56523
56526
56527
56512
56517
56518
56511
56509
56508
56507
56505
56504
56503
56500
56499
56496
56495
56490
56488
56484
56477
56476
56469
56470
56465
56464
56466
56460
56456
56457
56452
56453
56454
56455
56450
56451
56673
56672
56675
56674
56677
56676
56679
56678
56681
56683
56685
56684
56687
56686
56688
56689
56690
56694
56695
56696
56697
56698
56699
56700
56702
56643
56642
56641
56640
56646
56645
56644
56651
56650
56649
56648
56655
56654
56653
56652
56658
56659
56656
56657
56662
56660
56661
56666
56667
56664
56665
56671
56668
56669
56613
56615
56614
56608
56611
56610
56620
56623
56622
56617
56616
56618
56628
56630
56624
56625
56627
56636
56637
56638
56632
56634
56635
56583
56582
56579
56578
56577
56576
56591
56590
56589
56588
56587
56586
56585
56598
56599
56596
56595
56592
56593
56606
56607
56604
56605
56600
56601
56810
56811
56800
56820
56822
56778
56779
56777
56782
56783
56780
56781
56770
56771
56768
56769
56774
56775
56772
56773
56795
56794
56793
56792
56799
56798
56797
56796
56786
56785
56784
56791
56790
56789
56788
56748
56749
56750
56745
56746
56741
56742
56743
56736
56738
56739
56765
56764
56767
56766
56761
56760
56763
56762
56757
56756
56759
56753
56752
56755
56754
56718
56719
56716
56715
56713
56710
56711
56709
56706
56704
56733
56732
56731
56730
56729
56728
56725
56721
56720
56916
56919
56915
56925
56926
56920
56922
56900
56899
56898
56909
56911
56910
56950
56951
56949
56946
56944
56959
56956
56955
56952
56953
56935
56933
56930
56929
56940
56939
56936
56855
56857
56858
56833
56835
56844
56882
56883
56880
56881
56887
56884
56885
56888
56889
56867
56866
56868
56878
57055
57054
57045
57044
57046
57041
57040
57042
57033
57030
57084
57082
57080
57077
57076
57075
57070
57066
57064
57065
57060
57057
56985
56987
56986
56989
56990
56980
56969
56960
56961
56962
56963
56965
56966
56967
57022
57020
57011
57010
57009
57012
57002
57003
57000
57001
57006
57007
57004
56994
56995
56993
56998
56999
56996
56997
57157
57156
57155
57154
57165
57175
57171
57177
57188
57200
57212
57210
57211
57090
57088
57094
57099
57101
57100
57111
57114
57115
57118
57119
57117
57123
57122
57133
57144
57151
57288
57286
57310
57300
57299
57327
57321
57340
57343
57337
57338
57333
57335
57334
57330
57224
57225
57228
57229
57217
57222
57223
57220
57221
57244
57233
57232
57257
57250
57252
57254
57255
57272
57275
57277
57266
55358
55356
55357
55354
55355
55352
55350
55351
55348
55349
55344
55345
55343
55342
55341
55340
55339
55337
55336
55335
55334
55331
55330
55329
55328
55325
55326
55327
55320
55321
55323
55316
55318
55319
55312
55313
55314
55309
55308
55311
55304
55306
55300
55302
55296
55299
55298
55418
55419
55416
55417
55422
55423
55420
55421
55410
55411
55414
55415
55412
55413
55403
55402
55401
55400
55407
55406
55405
55404
55395
55394
55393
55392
55398
55397
55396
55385
55386
55388
55389
55390
55391
55376
55378
55380
55381
55382
55383
55369
55368
55373
55372
55375
55374
55361
55360
55363
55362
55364
55367
55366
55479
55478
55476
55475
55474
55473
55472
55487
55485
55484
55483
55482
55481
55480
55462
55463
55460
55461
55458
55459
55456
55457
55470
55471
55468
55469
55466
55464
55465
55445
55444
55447
55446
55441
55440
55443
55442
55453
55452
55455
55454
55449
55448
55451
55450
55428
55430
55431
55424
55425
55426
55427
55438
55439
55432
55433
55434
55435
55539
55538
55537
55536
55542
55541
55540
55547
55546
55545
55544
55551
55550
55549
55548
55522
55523
55520
55526
55527
55524
55525
55530
55531
55528
55529
55535
55532
55533
55505
55504
55507
55506
55509
55511
55510
55512
55515
55516
55519
55518
55488
55489
55491
55492
55493
55494
55495
55496
55497
55499
55500
55501
55503
55597
55596
55599
55598
55593
55592
55595
55594
55589
55588
55590
55585
55587
55586
55612
55613
55614
55615
55608
55609
55610
55604
55606
55607
55600
55602
55603
55567
55566
55562
55561
55559
55558
55557
55556
55555
55554
55553
55552
55582
55583
55580
55578
55579
55576
55577
55574
55575
55572
55570
55571
55568
55569
55657
55656
55658
55661
55660
55663
55662
55649
55648
55650
55653
55652
55655
55654
55672
55673
55674
55675
55676
55678
55664
55665
55669
55670
55671
55627
55625
55624
55630
55629
55619
55618
55617
55616
55623
55622
55621
55620
55643
55640
55641
55646
55644
55634
55635
55632
55633
55638
55636
55637
55716
55717
55718
55719
55712
55713
55714
55715
55724
55725
55726
55727
55721
55722
55723
55735
55734
55729
55728
55731
55730
55741
55740
55743
55742
55737
55736
55739
55738
55686
55687
55684
55685
55682
55683
55680
55681
55695
55692
55690
55688
55689
55703
55702
55701
55700
55699
55698
55697
55696
55711
55710
55709
55708
55707
55706
55705
55704
55776
55777
55778
55779
55781
55782
55783
55785
55786
55787
55789
55790
55791
55793
55792
55795
55794
55796
55799
55798
55801
55802
55805
55807
55806
55746
55747
55744
55745
55750
55751
55748
55749
55754
55755
55752
55753
55758
55759
55756
55763
55762
55761
55760
55767
55766
55765
55764
55771
55770
55769
55768
55774
55773
55772
55832
55833
55834
55835
55837
55838
55824
55826
55827
55828
55829
55830
55831
55817
55816
55819
55818
55821
55820
55823
55822
55809
55808
55811
55810
55812
55815
55866
55867
55864
55865
55870
55871
55868
55869
55858
55859
55856
55857
55862
55863
55860
55861
55851
55850
55849
55848
55855
55854
55852
55843
55842
55840
55847
55846
55845
55844
55901
55903
55896
55898
55899
55892
55893
55894
55895
55888
55889
55890
55891
55885
55887
55886
55881
55880
55883
55882
55877
55876
55879
55878
55872
55874
55934
55935
55933
55930
55931
55928
55929
55926
55927
55924
55925
55922
55920
55919
55918
55915
55914
55913
55912
55911
55910
55909
55908
55907
55905
55904
55952
55955
55954
55956
55959
55958
55961
55960
55965
55964
55967
55966
55936
55937
55938
55939
55940
55941
55943
55944
55945
55946
55948
55949
55950
55951
55987
55986
55985
55984
55991
55990
55989
55988
55995
55994
55992
55999
55998
55997
55970
55971
55968
55969
55974
55975
55972
55973
55978
55979
55976
55977
55982
55980
55981
56022
56016
56005
56006
56007
56001
56003
56012
56015
56008
56009
56010
56011
56055
56054
56053
56052
56051
56062
56061
56060
56056
56036
56033
56046
56044
56040
56075
56077
56076
56065
56064
56069
56090
56088
56095
56086
56105
56106
56111
56110
56096
56099
56100
56120
56122
56123
56125
56126
56112
56113
56114
56115
56116
56117
56118
56119
56141
56140
56133
56130
56158
56159
56156
56157
56155
56152
56153
56150
56151
56146
56144
56145
56169
56168
56171
56165
56164
56167
56166
56161
56160
56163
56162
56188
56190
56185
56186
56180
56177
56199
56200
56211
56210
56215
56222
56221
56220
56224
56225
56226
56228
56229
56230
56232
56233
56234
56235
56236
56240
56242
56245
56246
56250
56252
56255
56262
56260
56259
56256
56266
56267
56264
56265
56277
56276
56286
56282
56280
56288
56290
56300
56299
56311
56310
54506
54504
54505
54510
54511
54509
54498
54499
54496
54497
54502
54503
54500
54501
54522
54526
54525
54524
54515
54514
54513
54519
54517
54472
54473
54474
54475
54476
54477
54478
54479
54464
54465
54466
54467
54468
54469
54470
54471
54489
54488
54491
54490
54493
54492
54495
54494
54480
54483
54485
54484
54487
54486
54447
54444
54445
54442
54443
54440
54441
54439
54437
54434
54435
54432
54433
54463
54462
54461
54460
54459
54458
54457
54456
54455
54454
54453
54452
54451
54450
54449
54448
54412
54413
54414
54415
54409
54410
54411
54404
54405
54400
54401
54429
54428
54431
54430
54425
54424
54427
54426
54421
54420
54423
54422
54419
54418
54370
54375
54374
54373
54378
54377
54376
54383
54387
54384
54390
54388
54394
54393
54398
54399
54337
54336
54339
54338
54341
54343
54345
54344
54347
54349
54348
54351
54350
54352
54353
54354
54355
54356
54357
54358
54359
54363
54364
54366
54311
54305
54315
54313
54312
54326
54327
54324
54325
54322
54323
54320
54321
54334
54335
54333
54330
54331
54328
54277
54288
54300
54301
54303
54777
54778
54780
54771
54770
54775
54774
54765
54766
54767
54754
54755
54757
54747
54745
54737
54740
54730
54734
54733
54722
54720
54727
54717
54711
54710
54707
54700
54699
54688
54682
54680
54678
54677
54676
54675
54670
54668
54669
54666
54667
54664
54665
54662
54663
54660
54661
54659
54640
54644
54645
54646
54651
54652
54653
54654
54655
54633
54634
54610
54611
54595
54593
54592
54599
54598
54597
54600
54581
54582
54583
54576
54578
54579
54588
54589
54591
54584
54585
54586
54587
54565
54564
54567
54561
54560
54563
54562
54573
54572
54575
54574
54569
54568
54571
54570
54550
54548
54549
54546
54547
54544
54545
54558
54559
54556
54557
54554
54555
54552
54535
54534
54533
54531
54529
54543
54542
54541
54540
54539
54538
54536
54988
54989
54990
54991
54987
54977
55005
55004
55006
55001
55000
55002
54997
54996
54999
54992
54995
54994
55020
55018
55019
55016
55017
55014
55015
55012
55013
55010
55011
55008
55039
55038
55037
55035
55034
55033
55031
55030
55029
55028
55026
55025
55024
54922
54930
54933
54954
54955
54959
54956
54944
54945
54950
54949
54970
54963
54966
54965
54855
54854
54848
54850
54860
54858
54865
54866
54877
54886
54885
54884
54883
54881
54880
54890
54888
54900
54898
54910
54911
54785
54784
54787
54789
54788
54797
54799
54800
54811
54822
54820
54830
54833
54840
54844
54845
55263
55262
55261
55259
55258
55255
55254
55253
55252
55250
55249
55246
55247
55244
55245
55242
55243
55240
55241
55239
55236
55237
55234
55235
55232
55233
55292
55295
55294
55289
55288
55291
55290
55287
55286
55281
55280
55283
55282
55276
55278
55272
55274
55275
55269
55264
55265
55266
55267
55195
55194
55193
55199
55198
55196
55187
55186
55185
55191
55190
55189
55188
55178
55176
55182
55183
55180
55181
55171
55168
55174
55175
55225
55224
55227
55226
55229
55228
55231
55230
55217
55216
55219
55218
55221
55220
55223
55222
55208
55210
55212
55213
55214
55215
55201
55202
55204
55205
55206
55126
55127
55124
55125
55122
55123
55120
55135
55132
55133
55131
55129
55111
55110
55109
55107
55106
55105
55119
55118
55117
55116
55115
55114
55113
55112
55156
55157
55158
55159
55152
55154
55155
55165
55166
55167
55161
55141
55140
55143
55142
55137
55136
55139
55138
55149
55148
55150
55145
55144
55147
55058
55059
55056
55057
55060
55061
55066
55067
55064
55065
55070
55071
55068
55041
55040
55047
55045
55051
55050
55049
55048
55054
55053
55052
55088
55089
55090
55092
55093
55094
55095
55097
55099
55100
55101
55102
55103
55075
55074
55077
55076
55080
55083
55085
55084
55087
55086
53415
53410
53411
53431
53425
53437
53436
53435
53434
53433
53432
53380
53381
53382
53383
53376
53377
53388
53391
53384
53385
53386
53387
53396
53399
53398
53393
53392
53400
53403
53477
53480
53484
53490
53488
53495
53493
53500
53440
53441
53442
53443
53444
53445
53446
53447
53448
53449
53450
53451
53452
53453
53454
53457
53456
53459
53458
53460
53466
53470
53290
53285
53283
53282
53280
53310
53311
53308
53309
53306
53307
53304
53305
53302
53303
53301
53260
53257
53256
53258
53253
53252
53255
53254
53250
53277
53272
53270
53355
53354
53353
53352
53359
53358
53357
53356
53347
53346
53345
53344
53351
53349
53348
53370
53371
53368
53369
53374
53375
53372
53373
53362
53363
53361
53366
53367
53365
53321
53320
53323
53322
53325
53327
53326
53313
53312
53315
53314
53317
53316
53319
53318
53336
53337
53338
53339
53340
53341
53342
53343
53329
53330
53332
53333
53334
53335
53684
53680
53688
53668
53669
53664
53665
53667
53676
53677
53678
53675
53655
53653
53650
53663
53661
53658
53656
53636
53634
53635
53632
53633
53644
53645
53643
53640
53744
53746
53750
53757
53732
53733
53734
53735
53737
53723
53722
53699
53700
53710
53711
53564
53565
53566
53567
53563
53556
53557
53558
53559
53552
53553
53554
53550
53544
53540
53543
53537
53536
53539
53538
53535
53532
53533
53530
53531
53522
53523
53520
53521
53515
53513
53511
53510
53630
53600
53595
53593
53598
53599
53585
53590
53588
53589
53578
53577
53576
53583
53580
53568
53888
53889
53899
53911
53910
53916
53922
53930
53935
53933
53939
53943
53940
53947
53944
53950
53959
53954
53955
53974
53980
53983
53977
53991
53985
53998
53999
53996
53997
53994
53992
53993
54007
54006
54005
54003
54002
54001
54000
54015
54014
54012
54011
54010
54009
54008
53770
53773
53775
53774
53760
53765
53767
53766
53787
53788
53789
53776
53777
53778
53779
53783
53800
53804
53794
53799
53819
53816
53822
53823
53820
53838
53833
53832
53835
53830
53853
53855
53850
53870
53866
53865
53858
53856
53886
53885
53882
53883
53880
53881
53878
53876
53877
54160
54166
54165
54170
54144
54145
54150
54151
54155
54156
54199
54200
54177
54188
54190
54230
54229
54228
54227
54226
54225
54235
54234
54233
54232
54215
54212
54210
54222
54223
54220
54221
54260
54256
54270
54265
54244
54245
54242
54252
54254
54250
54040
54045
54033
54030
54022
54020
54077
54065
54066
54056
54050
54055
54054
54110
54111
54105
54100
54099
54096
54090
54088
54080
54140
54141
54133
54134
54125
54124
54120
54123
54122
54117
54119
54118
54113
54112
54115
54114
